Spawn:
  World: Lobby
  X: -47.21414719195499
  Y: 234.0
  Z: -64.88648195946482
  Yaw: 237.44067
  Pitch: 1.6717023
