Spawn:
  World: Lobby
  X: 3.494292051552348
  Y: 102.0
  Z: 0.3972225837952813
  Yaw: -269.89233
  Pitch: -0.31216076
